image_width: 1280
image_height: 720
camera_name: charuco_camera
camera_matrix:
  rows: 3
  cols: 3
  data:
  - 829.0874579309657
  - 0.0
  - 613.628796942294
  - 0.0
  - 828.0455138014568
  - 423.28532919135466
  - 0.0
  - 0.0
  - 1.0
distortion_model: plumb_bob
distortion_coefficients:
  rows: 1
  cols: 5
  data:
  - -0.4460676634970135
  - 0.3409757273814441
  - 0.0012176716791281938
  - 0.009495238876034838
  - -0.19863040839235405
rectification_matrix:
  rows: 3
  cols: 3
  data:
  - 1.0
  - 0.0
  - 0.0
  - 0.0
  - 1.0
  - 0.0
  - 0.0
  - 0.0
  - 1.0
projection_matrix:
  rows: 3
  cols: 4
  data:
  - 829.0874579309657
  - 0.0
  - 613.628796942294
  - 0.0
  - 0.0
  - 828.0455138014567
  - 423.2853291913546
  - 0.0
  - 0.0
  - 0.0
  - 1.0
  - 0.0
calibration_error:
  rms_reprojection_error_px: 0.7045192829765339
  mean_reprojection_error_px: 0.7045192633960623
calibration_board:
  type: charuco
  squares_x: 5
  squares_y: 7
  square_length_m: 0.0285
  marker_length_m: 0.017
  dictionary: DICT_5X5_50
std_deviation_intrinsics:
- 1.8881238550262447
- 2.069207534737295
- 3.1879519013280864
- 2.393325315509101
- 0.008878339170370914
- 0.03418569889162869
- 0.0005205069993618793
- 0.0011174922699328672
- 0.046063077638166666
- 0.0
- 0.0
- 0.0
- 0.0
- 0.0
- 0.0
- 0.0
- 0.0
- 0.0
