{
  "samples": [
    {
      "index": 0,
      "q_sim_rad": [
        -0.16110731661319733,
        -0.4626081585884094,
        0.30687108635902405,
        1.695462703704834,
        2.870011806488037,
        -0.11465423554182053
      ],
      "T_base_gripper": [
        [
          -0.9869105346847835,
          -0.15832560306871848,
          -0.030669201833794364,
          0.16952401558395394
        ],
        [
          0.15854934409060625,
          -0.9873384411713682,
          -0.004990798907194732,
          0.024249242484066368
        ],
        [
          -0.029490710683772275,
          -0.009788053852534298,
          0.9995171294105698,
          0.1045730758366653
        ],
        [
          0.0,
          0.0,
          0.0,
          1.0
        ]
      ],
      "T_camera_board": [
        [
          -0.13411690915645333,
          -0.9038135962677383,
          -0.4063663837965654,
          0.07407871787442662
        ],
        [
          0.9043854377519651,
          0.05599644620753333,
          -0.4230264507029239,
          -0.08332224678353807
        ],
        [
          0.4050921310770009,
          -0.4242468399572409,
          0.8098857846176765,
          0.23592915211983112
        ],
        [
          0.0,
          0.0,
          0.0,
          1.0
        ]
      ],
      "image_path": "/home/jianwen/Code/eva/robot-learning/deploy/hand_eye_charuco_session/images/sample_000_1779322378263.png",
      "marker_count": 17,
      "corner_count": 24,
      "reprojection_error_px": 0.6939241290092468
    },
    {
      "index": 1,
      "q_sim_rad": [
        -0.16110731661319733,
        -0.46414250135421753,
        0.30687108635902405,
        1.6939283609390259,
        2.5171101093292236,
        -0.11465423554182053
      ],
      "T_base_gripper": [
        [
          -0.8712929202484753,
          -0.48960513756475027,
          -0.033696533873484424,
          0.17092653874436742
        ],
        [
          0.49003712123920934,
          -0.871684322807228,
          -0.005482807646967309,
          0.027604156665930628
        ],
        [
          -0.026688329518224585,
          -0.021289683940988624,
          0.9994170713096807,
          0.10478065684748865
        ],
        [
          0.0,
          0.0,
          0.0,
          1.0
        ]
      ],
      "T_camera_board": [
        [
          0.1415471473755929,
          -0.840095280398685,
          -0.5236452281093442,
          0.04242963825169633
        ],
        [
          0.8371149924473844,
          0.3839284887727442,
          -0.38966319421840745,
          -0.11231187391795575
        ],
        [
          0.5283965314890398,
          -0.38319555759498536,
          0.7576003366880327,
          0.22116670155370532
        ],
        [
          0.0,
          0.0,
          0.0,
          1.0
        ]
      ],
      "image_path": "/home/jianwen/Code/eva/robot-learning/deploy/hand_eye_charuco_session/images/sample_001_1779322380227.png",
      "marker_count": 17,
      "corner_count": 24,
      "reprojection_error_px": 0.6970404386520386
    },
    {
      "index": 2,
      "q_sim_rad": [
        -0.16110731661319733,
        -0.4626081585884094,
        0.30533671379089355,
        1.6939283609390259,
        2.2378573417663574,
        -0.11465423554182053
      ],
      "T_base_gripper": [
        [
          -0.7025869820694017,
          -0.7107996020329634,
          -0.03369656327269688,
          0.1727850618652694
        ],
        [
          0.7113227374942777,
          -0.7028441519224295,
          -0.005482812424992984,
          0.029844879409064405
        ],
        [
          -0.019786251546392727,
          -0.027821284266212318,
          0.9994170702922387,
          0.10488845228238748
        ],
        [
          0.0,
          0.0,
          0.0,
          1.0
        ]
      ],
      "T_camera_board": [
        [
          0.35091453431102454,
          -0.7055382047144766,
          -0.6156905320837327,
          0.011688657923359633
        ],
        [
          0.7202267243949517,
          0.6235566051201284,
          -0.30405694479550754,
          -0.12279864497011539
        ],
        [
          0.5984416889527291,
          -0.3367387739767033,
          0.7269625458192956,
          0.21021266670608807
        ],
        [
          0.0,
          0.0,
          0.0,
          1.0
        ]
      ],
      "image_path": "/home/jianwen/Code/eva/robot-learning/deploy/hand_eye_charuco_session/images/sample_002_1779322382195.png",
      "marker_count": 17,
      "corner_count": 24,
      "reprojection_error_px": 0.68227219581604
    },
    {
      "index": 3,
      "q_sim_rad": [
        -0.20560361444950104,
        -1.346396803855896,
        0.5140090584754944,
        1.993127703666687,
        2.231719970703125,
        -0.11465423554182053
      ],
      "T_base_gripper": [
        [
          -0.6830393882185206,
          -0.6173712998443589,
          -0.390268974260773,
          0.10455833490192647
        ],
        [
          0.6935164888084008,
          -0.7158274838860236,
          -0.08139958884584172,
          0.02188510497131263
        ],
        [
          -0.22911148791131472,
          -0.32625709408669035,
          0.9170955428226505,
          0.13134669610067967
        ],
        [
          0.0,
          0.0,
          0.0,
          1.0
        ]
      ],
      "T_camera_board": [
        [
          0.17476103450139005,
          -0.676132941686861,
          -0.7157533276107598,
          0.01045997185235237
        ],
        [
          0.6268289236025179,
          0.6369970396659755,
          -0.4486872763875662,
          -0.10893094388302837
        ],
        [
          0.759304998900516,
          -0.3702418353220708,
          0.5351419456761279,
          0.2656455342108448
        ],
        [
          0.0,
          0.0,
          0.0,
          1.0
        ]
      ],
      "image_path": "/home/jianwen/Code/eva/robot-learning/deploy/hand_eye_charuco_session/images/sample_003_1779322395550.png",
      "marker_count": 17,
      "corner_count": 24,
      "reprojection_error_px": 0.681339681148529
    },
    {
      "index": 4,
      "q_sim_rad": [
        -0.21634410321712494,
        -1.3479312658309937,
        0.5094059705734253,
        1.9915932416915894,
        1.9309862852096558,
        -0.11590170860290527
      ],
      "T_base_gripper": [
        [
          -0.47794675901616124,
          -0.7839429705815218,
          -0.3962326518874566,
          0.10678217481928198
        ],
        [
          0.869544177332186,
          -0.48611469821694286,
          -0.08709433876631709,
          0.024497977640769796
        ],
        [
          -0.12433752134267004,
          -0.3861682522596458,
          0.9140099899525669,
          0.1332335124428483
        ],
        [
          0.0,
          0.0,
          0.0,
          1.0
        ]
      ],
      "T_camera_board": [
        [
          0.2555945704434789,
          -0.453262129294876,
          -0.8539466363344309,
          -0.043015926540969786
        ],
        [
          0.47037563673890287,
          0.8299942124983946,
          -0.29976051704926343,
          -0.11918174244045493
        ],
        [
          0.8446408561763309,
          -0.32505853221573067,
          0.42534547689080887,
          0.24590787339306586
        ],
        [
          0.0,
          0.0,
          0.0,
          1.0
        ]
      ],
      "image_path": "/home/jianwen/Code/eva/robot-learning/deploy/hand_eye_charuco_session/images/sample_004_1779322397786.png",
      "marker_count": 17,
      "corner_count": 24,
      "reprojection_error_px": 0.679897665977478
    },
    {
      "index": 5,
      "q_sim_rad": [
        -0.21634410321712494,
        -1.3479312658309937,
        0.5094059705734253,
        1.9915932416915894,
        1.9294519424438477,
        -0.11590170860290527
      ],
      "T_base_gripper": [
        [
          -0.4767433596695335,
          -0.7846753816638062,
          -0.3962326518874566,
          0.10679420881274826
        ],
        [
          0.8702890200664862,
          -0.4847799477150161,
          -0.08709433876631725,
          0.02450542606811281
        ],
        [
          -0.12374486075276644,
          -0.3863585740011303,
          0.914009989952567,
          0.13323943904874735
        ],
        [
          0.0,
          0.0,
          0.0,
          1.0
        ]
      ],
      "T_camera_board": [
        [
          0.25490867152518704,
          -0.4521408635989002,
          -0.8547456982315297,
          -0.043470346975251484
        ],
        [
          0.47095723421610197,
          0.8300699314483695,
          -0.2986355512071846,
          -0.11892677576219247
        ],
        [
          0.8445240391609846,
          -0.32642387836881676,
          0.42453103409512477,
          0.2461432178568111
        ],
        [
          0.0,
          0.0,
          0.0,
          1.0
        ]
      ],
      "image_path": "/home/jianwen/Code/eva/robot-learning/deploy/hand_eye_charuco_session/images/sample_005_1779322398058.png",
      "marker_count": 17,
      "corner_count": 24,
      "reprojection_error_px": 0.6670143008232117
    },
    {
      "index": 6,
      "q_sim_rad": [
        -0.21020668745040894,
        -1.3371907472610474,
        0.5170777440071106,
        1.9915932416915894,
        1.6532679796218872,
        -0.11590170860290527
      ],
      "T_base_gripper": [
        [
          -0.238992882880112,
          -0.8934785272505193,
          -0.38023482648870527,
          0.10917907607091618
        ],
        [
          0.9709325475054468,
          -0.22518235047878543,
          -0.08113505547808864,
          0.0250463883979046
        ],
        [
          -0.013129742085668028,
          -0.3885730695443164,
          0.9213243617194065,
          0.13274316635576894
        ],
        [
          0.0,
          0.0,
          0.0,
          1.0
        ]
      ],
      "T_camera_board": [
        [
          0.4289582998457239,
          -0.21532608387404217,
          -0.8772852754930605,
          -0.05912770884880082
        ],
        [
          0.29639980495069496,
          0.9509565531419952,
          -0.08848044790509312,
          -0.11073106919432109
        ],
        [
          0.8533123300519312,
          -0.22207276203930293,
          0.47174331552400306,
          0.23816775519320968
        ],
        [
          0.0,
          0.0,
          0.0,
          1.0
        ]
      ],
      "image_path": "/home/jianwen/Code/eva/robot-learning/deploy/hand_eye_charuco_session/images/sample_006_1779322400972.png",
      "marker_count": 17,
      "corner_count": 24,
      "reprojection_error_px": 0.6926778554916382
    },
    {
      "index": 7,
      "q_sim_rad": [
        -0.21174104511737823,
        -1.3494656085968018,
        0.6689789295196533,
        1.9915932416915894,
        1.2389919757843018,
        -0.11590170860290527
      ],
      "T_base_gripper": [
        [
          0.15576141801097965,
          -0.9553595137423552,
          -0.25105095132498445,
          0.10603515190709858
        ],
        [
          0.9831801289711413,
          0.1744808431442033,
          -0.05397471048535647,
          0.02376112771646101
        ],
        [
          0.0953688348230122,
          -0.23842112926009468,
          0.9664678734789078,
          0.11246623637025376
        ],
        [
          0.0,
          0.0,
          0.0,
          1.0
        ]
      ],
      "T_camera_board": [
        [
          0.5422061987532654,
          0.12495581266068546,
          -0.8309022102003594,
          -0.07045855584146826
        ],
        [
          -0.03806088710690182,
          0.9915177688088437,
          0.12427342036400282,
          -0.10563402719791094
        ],
        [
          0.839382991789904,
          -0.03575694364232151,
          0.5423630095011917,
          0.21655242952060696
        ],
        [
          0.0,
          0.0,
          0.0,
          1.0
        ]
      ],
      "image_path": "/home/jianwen/Code/eva/robot-learning/deploy/hand_eye_charuco_session/images/sample_007_1779322404804.png",
      "marker_count": 17,
      "corner_count": 24,
      "reprojection_error_px": 0.7150800824165344
    },
    {
      "index": 8,
      "q_sim_rad": [
        -0.20560361444950104,
        -1.3433281183242798,
        0.4649096727371216,
        1.9915932416915894,
        0.5147762298583984,
        -0.11465423554182053
      ],
      "T_base_gripper": [
        [
          0.6927752623729794,
          -0.5770560424370086,
          -0.4325144618749609,
          0.12011577958773556
        ],
        [
          0.6035546475888844,
          0.7922019430716196,
          -0.09021013672203304,
          0.021360723977124886
        ],
        [
          0.3946951015884378,
          -0.19855076247772918,
          0.8971027652959304,
          0.14481498180989172
        ],
        [
          0.0,
          0.0,
          0.0,
          1.0
        ]
      ],
      "T_camera_board": [
        [
          0.2459063600854346,
          0.7331022063633698,
          -0.6341066291206012,
          -0.15715352345772637
        ],
        [
          -0.5311030985584754,
          0.649157090627746,
          0.5445406967245943,
          -0.022088018107550924
        ],
        [
          0.8108388007311433,
          0.2028699748924897,
          0.5489847106395602,
          0.20074737999148687
        ],
        [
          0.0,
          0.0,
          0.0,
          1.0
        ]
      ],
      "image_path": "/home/jianwen/Code/eva/robot-learning/deploy/hand_eye_charuco_session/images/sample_008_1779322407519.png",
      "marker_count": 17,
      "corner_count": 24,
      "reprojection_error_px": 0.6248700022697449
    },
    {
      "index": 9,
      "q_sim_rad": [
        -0.20867232978343964,
        -1.3494656085968018,
        0.4649096727371216,
        1.9915932416915894,
        0.14806529879570007,
        -0.11465423554182053
      ],
      "T_base_gripper": [
        [
          0.8500979471019531,
          -0.29296334047991324,
          -0.4376139411260746,
          0.12149507611040557
        ],
        [
          0.2814393783778404,
          0.9550932182419967,
          -0.09267589096653166,
          0.018336631519321363
        ],
        [
          0.4451127459771736,
          -0.04437821090350626,
          0.8943742045506814,
          0.14559805625459254
        ],
        [
          0.0,
          0.0,
          0.0,
          1.0
        ]
      ],
      "T_camera_board": [
        [
          0.07266800501817619,
          0.9036279938299256,
          -0.4221087653834992,
          -0.14913091131734793
        ],
        [
          -0.6797851019195971,
          0.35456631874859373,
          0.6420085208291502,
          0.023672594443354712
        ],
        [
          0.7298024227521043,
          0.24028977168405258,
          0.6400384749131761,
          0.20979087440719812
        ],
        [
          0.0,
          0.0,
          0.0,
          1.0
        ]
      ],
      "image_path": "/home/jianwen/Code/eva/robot-learning/deploy/hand_eye_charuco_session/images/sample_009_1779322410227.png",
      "marker_count": 17,
      "corner_count": 24,
      "reprojection_error_px": 0.6132515072822571
    },
    {
      "index": 10,
      "q_sim_rad": [
        -0.20406927168369293,
        -0.9536018967628479,
        0.6950629949569702,
        1.7184780836105347,
        0.15880578756332397,
        -0.11590170860290527
      ],
      "T_base_gripper": [
        [
          0.9450680295517053,
          -0.3083972162239208,
          -0.1083400966613622,
          0.14684070985302855
        ],
        [
          0.3078206057872731,
          0.9511800332270809,
          -0.02242808602813724,
          0.02329332429019919
        ],
        [
          0.10996769603848779,
          -0.012153247116124432,
          0.9938608576719988,
          0.0950278571052255
        ],
        [
          0.0,
          0.0,
          0.0,
          1.0
        ]
      ],
      "T_camera_board": [
        [
          0.20034746320569444,
          0.8611777501792212,
          -0.4671549813319964,
          -0.12815298653115662
        ],
        [
          -0.8432114139000088,
          0.39435450527563365,
          0.36534782829183243,
          -0.022063324765877586
        ],
        [
          0.49885409235145195,
          0.32071390173340664,
          0.8051628330835595,
          0.15740069753595012
        ],
        [
          0.0,
          0.0,
          0.0,
          1.0
        ]
      ],
      "image_path": "/home/jianwen/Code/eva/robot-learning/deploy/hand_eye_charuco_session/images/sample_010_1779322413151.png",
      "marker_count": 17,
      "corner_count": 24,
      "reprojection_error_px": 0.7007178664207458
    },
    {
      "index": 11,
      "q_sim_rad": [
        -0.04296195134520531,
        -0.3076382577419281,
        0.18872570991516113,
        1.7338216304779053,
        0.16034014523029327,
        -0.11714918166399002
      ],
      "T_base_gripper": [
        [
          0.9871031931239586,
          -0.15390503306473644,
          0.04405141225690049,
          0.19824081135271066
        ],
        [
          0.15397206310098924,
          0.9880733983565477,
          0.0018876558394066896,
          0.007791055790382997
        ],
        [
          -0.04381654834545968,
          0.004919375721109744,
          0.9990274820211927,
          0.10213921905865568
        ],
        [
          0.0,
          0.0,
          0.0,
          1.0
        ]
      ],
      "T_camera_board": [
        [
          0.1711723180710244,
          0.8648629619977353,
          -0.47192382276242,
          -0.14743565204712505
        ],
        [
          -0.9416555294563795,
          0.2845034121920594,
          0.17984068587308283,
          0.012936786006194126
        ],
        [
          0.2898014861425278,
          0.41360593010204666,
          0.8631020989512209,
          0.1268295772532133
        ],
        [
          0.0,
          0.0,
          0.0,
          1.0
        ]
      ],
      "image_path": "/home/jianwen/Code/eva/robot-learning/deploy/hand_eye_charuco_session/images/sample_011_1779322417174.png",
      "marker_count": 17,
      "corner_count": 24,
      "reprojection_error_px": 0.7632577419281006
    },
    {
      "index": 12,
      "q_sim_rad": [
        -0.04296195134520531,
        -0.08515672385692596,
        0.17645086348056793,
        1.5957295894622803,
        0.15880578756332397,
        -0.11714918166399002
      ],
      "T_base_gripper": [
        [
          0.9816049498774485,
          -0.15175607429330548,
          0.11585256273029362,
          0.21451913551399177
        ],
        [
          0.1522095154135283,
          0.9883357300781419,
          0.0049747430571854545,
          0.00847575259063587
        ],
        [
          -0.11525617464444482,
          0.012750630023291663,
          0.9932539633146894,
          0.07279033229723791
        ],
        [
          0.0,
          0.0,
          0.0,
          1.0
        ]
      ],
      "T_camera_board": [
        [
          0.18492549135763217,
          0.8672874824410437,
          -0.46218501214039215,
          -0.13915233700396207
        ],
        [
          -0.9495319317957365,
          0.2789274641955244,
          0.1434872127323937,
          0.02651684622338763
        ],
        [
          0.2533607569186575,
          0.41232498410662743,
          0.8750979569940008,
          0.10630796574780998
        ],
        [
          0.0,
          0.0,
          0.0,
          1.0
        ]
      ],
      "image_path": "/home/jianwen/Code/eva/robot-learning/deploy/hand_eye_charuco_session/images/sample_012_1779322422531.png",
      "marker_count": 15,
      "corner_count": 20,
      "reprojection_error_px": 0.799888551235199
    },
    {
      "index": 13,
      "q_sim_rad": [
        -0.10433616489171982,
        -0.4457302391529083,
        0.29766494035720825,
        1.7859896421432495,
        -0.290760338306427,
        -0.11590170860290527
      ],
      "T_base_gripper": [
        [
          0.9703798188236193,
          0.2321922059501513,
          0.06670672166912661,
          0.17750683735130013
        ],
        [
          -0.2331586465988061,
          0.9724136639202415,
          0.006979379444085329,
          0.010995605452407832
        ],
        [
          -0.06324597011709787,
          -0.022325897903869626,
          0.9977482155066644,
          0.10389470201505416
        ],
        [
          0.0,
          0.0,
          0.0,
          1.0
        ]
      ],
      "T_camera_board": [
        [
          -0.21015478434118817,
          0.9032638923942201,
          -0.37409799159491797,
          -0.12888464168415498
        ],
        [
          -0.9590988464640465,
          -0.11625039146999597,
          0.25809930103432643,
          0.061494579465316744
        ],
        [
          0.18964274130544478,
          0.41303775515068264,
          0.8907499331968768,
          0.14747260819579536
        ],
        [
          0.0,
          0.0,
          0.0,
          1.0
        ]
      ],
      "image_path": "/home/jianwen/Code/eva/robot-learning/deploy/hand_eye_charuco_session/images/sample_013_1779322429246.png",
      "marker_count": 17,
      "corner_count": 24,
      "reprojection_error_px": 0.4868323504924774
    },
    {
      "index": 14,
      "q_sim_rad": [
        -0.08132083714008331,
        -0.9382582902908325,
        0.6168108582496643,
        1.798264503479004,
        -0.7556700110435486,
        -0.11465423554182053
      ],
      "T_base_gripper": [
        [
          0.7467587199961143,
          0.6584848135018824,
          -0.09353696861218115,
          0.14268651253659756
        ],
        [
          -0.6619026998333346,
          0.7495509292003013,
          -0.007630235141030988,
          0.0010586208556397792
        ],
        [
          0.0650863277740225,
          0.06761031668581424,
          0.9955865683176608,
          0.10350494373304162
        ],
        [
          0.0,
          0.0,
          0.0,
          1.0
        ]
      ],
      "T_camera_board": [
        [
          -0.6371764052797356,
          0.744639561932794,
          -0.19879172859888003,
          -0.1124277152201114
        ],
        [
          -0.7657388408900613,
          -0.5823679004337795,
          0.2729315960029124,
          0.09127891351947333
        ],
        [
          0.08746574247749553,
          0.32612812106423483,
          0.9412705203840032,
          0.16561022012825619
        ],
        [
          0.0,
          0.0,
          0.0,
          1.0
        ]
      ],
      "image_path": "/home/jianwen/Code/eva/robot-learning/deploy/hand_eye_charuco_session/images/sample_014_1779322433657.png",
      "marker_count": 17,
      "corner_count": 24,
      "reprojection_error_px": 1.870582103729248
    },
    {
      "index": 15,
      "q_sim_rad": [
        -0.09052696824073792,
        -0.9474644660949707,
        0.6168108582496643,
        1.7936614751815796,
        -0.9812202453613281,
        -0.11465423554182053
      ],
      "T_base_gripper": [
        [
          0.5873234732731869,
          0.8022287718696046,
          -0.10714539340030442,
          0.14182944201334138
        ],
        [
          -0.807454596523492,
          0.5898494219737139,
          -0.009733136717433845,
          0.0005638013578496796
        ],
        [
          0.055391446049049844,
          0.09223154006011966,
          0.9941957205312913,
          0.10409208115150154
        ],
        [
          0.0,
          0.0,
          0.0,
          1.0
        ]
      ],
      "T_camera_board": [
        [
          -0.7541819571117516,
          0.6539370491981367,
          -0.05979892351139457,
          -0.08119762690196329
        ],
        [
          -0.6466705635299146,
          -0.7237889229237994,
          0.24072136863334126,
          0.10794547425531673
        ],
        [
          0.11413482304270917,
          0.22021791648010852,
          0.9687503865445262,
          0.18860913563953602
        ],
        [
          0.0,
          0.0,
          0.0,
          1.0
        ]
      ],
      "image_path": "/home/jianwen/Code/eva/robot-learning/deploy/hand_eye_charuco_session/images/sample_015_1779322438398.png",
      "marker_count": 16,
      "corner_count": 22,
      "reprojection_error_px": 0.6251306533813477
    },
    {
      "index": 16,
      "q_sim_rad": [
        -0.34216123819351196,
        -1.1346558332443237,
        0.5523679256439209,
        1.8642418384552002,
        -1.455336093902588,
        -0.10966433584690094
      ],
      "T_base_gripper": [
        [
          0.39504130219446676,
          0.8786004317832895,
          -0.26833496013512137,
          0.13049676268533028
        ],
        [
          -0.9184668096975651,
          0.38377458184513424,
          -0.09558132565291619,
          0.021867358447436692
        ],
        [
          0.019002343131215557,
          0.2842153261170297,
          0.9585721461401401,
          0.12341236449020997
        ],
        [
          0.0,
          0.0,
          0.0,
          1.0
        ]
      ],
      "T_camera_board": [
        [
          -0.8630096034303057,
          0.4790682275375056,
          0.16033732488456634,
          -0.03670667556544661
        ],
        [
          -0.45786017718799993,
          -0.8758460130654715,
          0.15250514595478792,
          0.09821854140632372
        ],
        [
          0.2134911767086395,
          0.05820132955002495,
          0.9752097839471099,
          0.23599813675257655
        ],
        [
          0.0,
          0.0,
          0.0,
          1.0
        ]
      ],
      "image_path": "/home/jianwen/Code/eva/robot-learning/deploy/hand_eye_charuco_session/images/sample_016_1779322443277.png",
      "marker_count": 17,
      "corner_count": 24,
      "reprojection_error_px": 0.6237056255340576
    },
    {
      "index": 17,
      "q_sim_rad": [
        -0.34369561076164246,
        -1.1622742414474487,
        0.40660417079925537,
        1.8565700054168701,
        -2.118177652359009,
        -0.11091180890798569
      ],
      "T_base_gripper": [
        [
          -0.19239881211575594,
          0.8838763891007162,
          -0.4263158757150916,
          0.13229864312235345
        ],
        [
          -0.9478209275333604,
          -0.27991501566520527,
          -0.15258792001645538,
          0.024472783356197028
        ],
        [
          -0.254201074793649,
          0.374713374188095,
          0.891611855449627,
          0.14604559701106165
        ],
        [
          0.0,
          0.0,
          0.0,
          1.0
        ]
      ],
      "T_camera_board": [
        [
          -0.9660143577980264,
          -0.09674727761635468,
          0.23970028118859332,
          0.04060943678056558
        ],
        [
          0.02187820162957809,
          -0.9545900115195501,
          -0.29711824952459703,
          0.04849452258320554
        ],
        [
          0.2575608759527002,
          -0.2817762839220667,
          0.9242643133852725,
          0.28570932069910876
        ],
        [
          0.0,
          0.0,
          0.0,
          1.0
        ]
      ],
      "image_path": "/home/jianwen/Code/eva/robot-learning/deploy/hand_eye_charuco_session/images/sample_017_1779322447480.png",
      "marker_count": 17,
      "corner_count": 24,
      "reprojection_error_px": 0.5749092102050781
    },
    {
      "index": 18,
      "q_sim_rad": [
        -0.14116069674491882,
        -1.6394587755203247,
        0.7855899333953857,
        1.855035662651062,
        -2.546262741088867,
        -0.11215928196907043
      ],
      "T_base_gripper": [
        [
          -0.6390826908829287,
          0.5535882291612668,
          -0.5339600984604821,
          0.11403421655603099
        ],
        [
          -0.6158719453717911,
          -0.7841828377291888,
          -0.07588823304677958,
          0.0052566724808142925
        ],
        [
          -0.4607331777914422,
          0.28035218840788345,
          0.8420971377086554,
          0.1100702297043104
        ],
        [
          0.0,
          0.0,
          0.0,
          1.0
        ]
      ],
      "T_camera_board": [
        [
          -0.7609516277922767,
          -0.6138052246277047,
          0.21022789153682084,
          0.09311004315941007
        ],
        [
          0.4011470853229425,
          -0.6997670088574042,
          -0.5911067156205125,
          0.02702422526295867
        ],
        [
          0.5099349331995134,
          -0.3654713115067919,
          0.7787150212807715,
          0.2760435623302393
        ],
        [
          0.0,
          0.0,
          0.0,
          1.0
        ]
      ],
      "image_path": "/home/jianwen/Code/eva/robot-learning/deploy/hand_eye_charuco_session/images/sample_018_1779322454596.png",
      "marker_count": 16,
      "corner_count": 22,
      "reprojection_error_px": 0.7132449746131897
    },
    {
      "index": 19,
      "q_sim_rad": [
        -0.13962633907794952,
        -1.1546024084091187,
        0.4925280809402466,
        1.853501319885254,
        -2.9037675857543945,
        -0.11340675503015518
      ],
      "T_base_gripper": [
        [
          -0.8772810804520617,
          0.30964941962151893,
          -0.3667357942837322,
          0.1270523400148332
        ],
        [
          -0.31316622601613375,
          -0.9482982250901248,
          -0.051549890142763025,
          0.010320471139372307
        ],
        [
          -0.36373729636054003,
          0.0696255213192374,
          0.9288958316287941,
          0.13075757414741665
        ],
        [
          0.0,
          0.0,
          0.0,
          1.0
        ]
      ],
      "T_camera_board": [
        [
          -0.5856869074731129,
          -0.7999102809911447,
          -0.13082197361012868,
          0.08543474572475704
        ],
        [
          0.693306369916467,
          -0.41079864732338145,
          -0.5920901525870289,
          -0.018172124997196868
        ],
        [
          0.4198775105287641,
          -0.4374791580429266,
          0.7951822825178008,
          0.28424950591478637
        ],
        [
          0.0,
          0.0,
          0.0,
          1.0
        ]
      ],
      "image_path": "/home/jianwen/Code/eva/robot-learning/deploy/hand_eye_charuco_session/images/sample_019_1779322459375.png",
      "marker_count": 17,
      "corner_count": 24,
      "reprojection_error_px": 0.6568117141723633
    },
    {
      "index": 20,
      "q_sim_rad": [
        -0.12888585031032562,
        -0.45340201258659363,
        -0.035290174186229706,
        1.9747153520584106,
        -2.9037675857543945,
        -0.11340675503015518
      ],
      "T_base_gripper": [
        [
          -0.9463524659680995,
          0.3120339184164417,
          -0.08397525774761756,
          0.16399285928786847
        ],
        [
          -0.31224966541695676,
          -0.9499376531223594,
          -0.010890437428438059,
          0.014146537873016238
        ],
        [
          -0.08316944512918166,
          0.01591505381912265,
          0.9964083271725696,
          0.14659489160933858
        ],
        [
          0.0,
          0.0,
          0.0,
          1.0
        ]
      ],
      "T_camera_board": [
        [
          -0.5019445266522439,
          -0.8218902689561998,
          -0.26934750408897445,
          0.08529891494094145
        ],
        [
          0.848667708531043,
          -0.40798120301706015,
          -0.33662213011241643,
          -0.0070479907942111175
        ],
        [
          0.16677773430684056,
          -0.39755216485369266,
          0.9022956630504319,
          0.2865864647099735
        ],
        [
          0.0,
          0.0,
          0.0,
          1.0
        ]
      ],
      "image_path": "/home/jianwen/Code/eva/robot-learning/deploy/hand_eye_charuco_session/images/sample_020_1779322463882.png",
      "marker_count": 17,
      "corner_count": 24,
      "reprojection_error_px": 0.5404864549636841
    },
    {
      "index": 21,
      "q_sim_rad": [
        -0.36210787296295166,
        -0.9704797863960266,
        0.26851218938827515,
        1.965509295463562,
        -1.7790850400924683,
        -0.10966433584690094
      ],
      "T_base_gripper": [
        [
          0.11608440735075687,
          0.9521183314295558,
          -0.2828340384851549,
          0.1323362697936942
        ],
        [
          -0.9902600183537487,
          0.08890523064877731,
          -0.10714922311114089,
          0.024887410537661792
        ],
        [
          -0.07687331409570482,
          0.29251759420432516,
          0.9531652273666182,
          0.14958170486156203
        ],
        [
          0.0,
          0.0,
          0.0,
          1.0
        ]
      ],
      "T_camera_board": [
        [
          -0.9598545956263062,
          0.23957264684089344,
          0.14589071985808014,
          -0.00945181319486945
        ],
        [
          -0.25154412115978914,
          -0.9653272878754889,
          -0.06977666080361151,
          0.07600858846535985
        ],
        [
          0.1241157136103628,
          -0.10367340145187422,
          0.9868369244542833,
          0.2714763130799036
        ],
        [
          0.0,
          0.0,
          0.0,
          1.0
        ]
      ],
      "image_path": "/home/jianwen/Code/eva/robot-learning/deploy/hand_eye_charuco_session/images/sample_021_1779322469885.png",
      "marker_count": 17,
      "corner_count": 24,
      "reprojection_error_px": 0.5179769992828369
    },
    {
      "index": 22,
      "q_sim_rad": [
        -0.24856556951999664,
        -0.244729682803154,
        0.007671777158975601,
        1.8458294868469238,
        -1.7790850400924683,
        -0.10966433584690094
      ],
      "T_base_gripper": [
        [
          -0.008218806497380382,
          0.9992890799130658,
          0.036793830817912404,
          0.18850899768278093
        ],
        [
          -0.9999197458235844,
          -0.00856762062473515,
          0.009332619617711181,
          0.027828660083861152
        ],
        [
          0.00964122045473979,
          -0.036714174964571314,
          0.9992792984070139,
          0.11844039544106401
        ],
        [
          0.0,
          0.0,
          0.0,
          1.0
        ]
      ],
      "T_camera_board": [
        [
          -0.9763552371740873,
          0.13369895668423454,
          -0.16986771271868817,
          0.017887918299559706
        ],
        [
          -0.1280662936440684,
          -0.9908004038459394,
          -0.04374453304122275,
          0.09346953989546183
        ],
        [
          -0.17415359679031278,
          -0.020955875554854963,
          0.9844954931358125,
          0.22927252159037076
        ],
        [
          0.0,
          0.0,
          0.0,
          1.0
        ]
      ],
      "image_path": "/home/jianwen/Code/eva/robot-learning/deploy/hand_eye_charuco_session/images/sample_022_1779322474087.png",
      "marker_count": 17,
      "corner_count": 24,
      "reprojection_error_px": 0.5066518187522888
    },
    {
      "index": 23,
      "q_sim_rad": [
        -0.25316864252090454,
        -1.6609396934509277,
        1.2044689655303955,
        1.5404927730560303,
        -1.7161765098571777,
        -0.11215928196907043
      ],
      "T_base_gripper": [
        [
          0.08076853353748448,
          0.8879105090451628,
          -0.4528701490685426,
          0.14157592792355814
        ],
        [
          -0.9926417820464398,
          0.0305310482868143,
          -0.11717571261219736,
          0.016262906677276246
        ],
        [
          -0.09021494624435741,
          0.45900194228093194,
          0.8838430179938401,
          0.06403051419973747
        ],
        [
          0.0,
          0.0,
          0.0,
          1.0
        ]
      ],
      "T_camera_board": [
        [
          -0.9070611370150151,
          0.18699463973298489,
          0.3771910635581909,
          0.019285327960759102
        ],
        [
          -0.2271407476561985,
          -0.9717246198621619,
          -0.064485222399557,
          0.0938983056395665
        ],
        [
          0.354467451920781,
          -0.1441674993362525,
          0.9238877408343068,
          0.20838779601977417
        ],
        [
          0.0,
          0.0,
          0.0,
          1.0
        ]
      ],
      "image_path": "/home/jianwen/Code/eva/robot-learning/deploy/hand_eye_charuco_session/images/sample_023_1779322480616.png",
      "marker_count": 17,
      "corner_count": 24,
      "reprojection_error_px": 0.8482246994972229
    },
    {
      "index": 24,
      "q_sim_rad": [
        -0.22861894965171814,
        -1.6302525997161865,
        0.9144757986068726,
        1.7353559732437134,
        -1.7131078243255615,
        -0.11215928196907043
      ],
      "T_base_gripper": [
        [
          0.06501269083207228,
          0.857653864923285,
          -0.5101011644888935,
          0.13096351048717553
        ],
        [
          -0.9929187981987004,
          0.004665744155616047,
          -0.11870337406798045,
          0.011174750469304872
        ],
        [
          -0.09942640602185088,
          0.5142062609630751,
          0.8518839774123891,
          0.10059276454093483
        ],
        [
          0.0,
          0.0,
          0.0,
          1.0
        ]
      ],
      "T_camera_board": [
        [
          -0.9163066746880297,
          0.16006224296290916,
          0.36709965445345744,
          0.014802536068609564
        ],
        [
          -0.1911043199004756,
          -0.9803170956833273,
          -0.04957348914876556,
          0.10229739092401935
        ],
        [
          0.35193922321551757,
          -0.11557884879461611,
          0.9288596841685879,
          0.235271753343433
        ],
        [
          0.0,
          0.0,
          0.0,
          1.0
        ]
      ],
      "image_path": "/home/jianwen/Code/eva/robot-learning/deploy/hand_eye_charuco_session/images/sample_024_1779322485408.png",
      "marker_count": 17,
      "corner_count": 24,
      "reprojection_error_px": 0.6991559267044067
    },
    {
      "index": 25,
      "q_sim_rad": [
        -0.22401589155197144,
        -1.6471304893493652,
        1.0479646921157837,
        1.7353559732437134,
        -0.9812202453613281,
        -0.11215928196907043
      ],
      "T_base_gripper": [
        [
          0.6458068247205876,
          0.6437337217895075,
          -0.4105367712828429,
          0.13124323184910175
        ],
        [
          -0.7320731287065582,
          0.6747726723278139,
          -0.09354557662108712,
          0.01208046643798467
        ],
        [
          0.2168005520521185,
          0.36095531040644024,
          0.9070329566886128,
          0.08142027354091808
        ],
        [
          0.0,
          0.0,
          0.0,
          1.0
        ]
      ],
      "T_camera_board": [
        [
          -0.6636032170593249,
          0.7322472279532151,
          0.15311684252017144,
          -0.07602832422054431
        ],
        [
          -0.6392868591828815,
          -0.6613848831862654,
          0.39227840619740545,
